0.0 1.55 1.55
0.1 1.55 1.55
0.2 1.70 1.70
0.30000000000000004 1.91 1.91
0.4 2.10 2.10
0.5 2.11 2.11
0.6000000000000001 2.00 2.00
0.7000000000000001 1.85 1.85
0.8 1.74 1.74
0.9 1.71 1.71
1.0 1.67 1.67
1.1 1.61 1.61
1.2000000000000002 1.68 1.68
1.3 1.83 1.83
1.4000000000000001 2.02 2.02
1.5 2.13 2.13
1.6 2.04 2.04
1.7000000000000002 1.92 1.92
1.8 1.78 1.78
1.9000000000000001 1.74 1.74
2.0 1.77 1.77
2.1 1.75 1.75
2.2 1.62 1.62
2.3000000000000003 1.86 1.86
2.4000000000000004 2.04 2.04
2.5 2.20 2.20
2.6 2.15 2.15
2.7 2.03 2.03
2.8000000000000003 2.07 2.07
2.9000000000000004 1.69 1.69
3.0 1.70 1.70
3.1 1.65 1.65
3.2 1.61 1.61
3.3000000000000003 1.72 1.72
3.4000000000000004 1.91 1.91
3.5 2.10 2.10
3.6 2.12 2.12
3.7 2.00 2.00
3.8000000000000003 1.86 1.86
3.9000000000000004 1.74 1.74
4.0 1.70 1.70
4.1000000000000005 1.66 1.66
4.2 1.60 1.60
4.3 1.65 1.65
4.4 1.79 1.79
4.5 1.99 1.99
4.6000000000000005 2.09 2.09
4.7 2.08 2.08
4.800000000000001 2.25 2.25
4.9 2.34 2.34
5.0 2.18 2.18
5.1000000000000005 1.95 1.95
5.2 1.72 1.72
5.300000000000001 1.85 1.85
5.4 1.72 1.72
5.5 2.04 2.04
5.6000000000000005 2.22 2.22
5.7 2.18 2.18
5.800000000000001 2.03 2.03
5.9 1.90 1.90
6.0 1.79 1.79
6.1000000000000005 1.76 1.76
6.2 1.71 1.71
6.300000000000001 1.68 1.68
6.4 1.78 1.78
