0.0 2.04 2.04
0.1 1.82 1.82
0.2 1.82 1.82
0.30000000000000004 1.89 1.89
0.4 2.03 2.03
0.5 2.10 2.10
0.6000000000000001 2.04 2.04
0.7000000000000001 1.94 1.94
0.8 1.82 1.82
0.9 1.76 1.76
1.0 1.74 1.74
1.1 1.68 1.68
1.2000000000000002 1.70 1.70
1.3 1.79 1.79
1.4000000000000001 1.95 1.95
1.5 2.08 2.08
1.6 2.06 2.06
1.7000000000000002 1.96 1.96
1.8 1.86 1.86
1.9000000000000001 1.80 1.80
2.0 1.81 1.81
2.1 1.83 1.83
2.2 1.68 1.68
2.3000000000000003 1.81 1.81
2.4000000000000004 1.96 1.96
2.5 2.11 2.11
2.6 2.13 2.13
2.7 2.06 2.06
2.8000000000000003 2.09 2.09
2.9000000000000004 1.78 1.78
3.0 1.76 1.76
3.1 1.73 1.73
3.2 1.68 1.68
3.3000000000000003 1.73 1.73
3.4000000000000004 1.83 1.83
3.5 1.98 1.98
3.6 2.08 2.08
3.7 2.03 2.03
3.8000000000000003 1.94 1.94
3.9000000000000004 1.82 1.82
4.0 1.75 1.75
4.1000000000000005 1.72 1.72
4.2 1.67 1.67
4.3 1.68 1.68
4.4 1.77 1.77
4.5 1.92 1.92
4.6000000000000005 2.04 2.04
4.7 2.08 2.08
4.800000000000001 2.24 2.24
4.9 2.32 2.32
5.0 2.20 2.20
5.1000000000000005 2.04 2.04
5.2 1.86 1.86
5.300000000000001 1.89 1.89
5.4 1.76 1.76
5.5 1.97 1.97
5.6000000000000005 2.14 2.14
5.7 2.17 2.17
5.800000000000001 2.06 2.06
5.9 1.95 1.95
6.0 1.85 1.85
6.1000000000000005 1.80 1.80
6.2 1.76 1.76
6.300000000000001 1.73 1.73
6.4 1.76 1.76
